-0.00654922 -0.00725427 -0.01236185 0.01467810 0.03655045 -0.00886502 -0.04084265 0.00702493 0.02508955 0.00944124 0.01159387 -0.34978845 0.10214026 0.01643963 0.00388681 -0.16282766 -0.43101699 -0.67735436 -0.33899614 0.14518791 0.12263081 0.20086706
-0.00654922 -0.00725427 -0.01236185 0.01467810 0.03655045 -0.00886502 -0.04084265 0.00702493 0.02508955 0.00944124 0.01159387 -0.34978845 0.10214026 0.01643963 0.00388681 -0.16282766 -0.43101699 -0.67735436 -0.33899614 0.14518791 0.12263081 0.20086706
-0.00654922 -0.00725427 -0.01236185 0.01467810 0.03655045 -0.00886502 -0.04084265 0.00702493 0.02508955 0.00944124 0.01159387 -0.34978845 0.10214026 0.01643963 0.00388681 -0.16282766 -0.43101699 -0.67735436 -0.33899614 0.14518791 0.12263081 0.20086706
0.36163054 0.32648326 0.19158925 0.16135591 -0.06479805 -0.26716227 -0.05798835 0.33714168 0.09439777 -0.25085663 0.20428021 0.00677094 -0.02318770 -0.14406639 0.60934249 -0.01454543 -0.00549491 0.00349654 -0.00698650 -0.01631264 0.01931324 -0.01179087
-0.03648799 -0.00894674 -0.03572230 0.01192443 0.34771677 0.00000000 -0.36279475 -0.00788714 0.10066851 0.00000000 -0.06354468 -0.35243356 -0.03984061 0.05169811 0.15929511 0.18837577 -0.31059537 -0.63835947 0.00397768 0.17816533 0.07014174 0.02069863
-0.00654922 -0.00725427 -0.01236185 0.01467810 0.03655045 -0.00886502 -0.04084265 0.00702493 0.02508955 0.00944124 0.01159387 -0.34978845 0.10214026 0.01643963 0.00388681 -0.16282766 -0.43101699 -0.67735436 -0.33899614 0.14518791 0.12263081 0.20086706
-0.05672839 0.01190108 -0.06177046 0.03607572 0.30829144 0.00000000 -0.34846235 0.04433406 0.04989783 0.00000000 -0.09981999 -0.26622766 0.16261715 0.16203160 0.22036894 0.29390293 -0.38530509 -0.41218784 0.03080973 0.31363402 0.23006549 0.17751794
-0.00654922 -0.00725427 -0.01236185 0.01467810 0.03655045 -0.00886502 -0.04084265 0.00702493 0.02508955 0.00944124 0.01159387 -0.34978845 0.10214026 0.01643963 0.00388681 -0.16282766 -0.43101699 -0.67735436 -0.33899614 0.14518791 0.12263081 0.20086706
0.11418968 -0.05758118 -0.03089949 -0.01249315 0.01442970 -0.01771755 -0.06315061 0.04263856 0.00076939 -0.00348000 -0.02544441 -0.39818964 0.10806056 0.05561546 0.02887724 -0.13980142 -0.33459460 -0.65042207 -0.33564682 0.20746425 0.10614773 0.28261728
-0.00654922 -0.00725427 -0.01236185 0.01467810 0.03655045 -0.00886502 -0.04084265 0.00702493 0.02508955 0.00944124 0.01159387 -0.34978845 0.10214026 0.01643963 0.00388681 -0.16282766 -0.43101699 -0.67735436 -0.33899614 0.14518791 0.12263081 0.20086706
0.23434316 -0.00702074 -0.03546259 -0.00274263 0.02927844 -0.14148713 -0.16939290 0.00000000 0.08915460 0.02259066 -0.21588806 -0.19267783 0.21261701 0.13229720 0.22968089 0.13417861 -0.17539870 -0.31793534 -0.40129736 0.43801618 0.26201722 0.33932829
-0.00654922 -0.00725427 -0.01236185 0.01467810 0.03655045 -0.00886502 -0.04084265 0.00702493 0.02508955 0.00944124 0.01159387 -0.34978845 0.10214026 0.01643963 0.00388681 -0.16282766 -0.43101699 -0.67735436 -0.33899614 0.14518791 0.12263081 0.20086706
