-0.00654922 -0.00725427 -0.01236185 0.01467810 0.03655045 -0.00886502 -0.04084265 0.00702493 0.02508955 0.00944124 0.01159387 -0.34978845 0.10214026 0.01643963 0.00388681 -0.16282766 -0.43101699 -0.67735436 -0.33899614 0.14518791 0.12263081 0.20086706
-0.00654922 -0.00725427 -0.01236185 0.01467810 0.03655045 -0.00886502 -0.04084265 0.00702493 0.02508955 0.00944124 0.01159387 -0.34978845 0.10214026 0.01643963 0.00388681 -0.16282766 -0.43101699 -0.67735436 -0.33899614 0.14518791 0.12263081 0.20086706
-0.00654922 -0.00725427 -0.01236185 0.01467810 0.03655045 -0.00886502 -0.04084265 0.00702493 0.02508955 0.00944124 0.01159387 -0.34978845 0.10214026 0.01643963 0.00388681 -0.16282766 -0.43101699 -0.67735436 -0.33899614 0.14518791 0.12263081 0.20086706
0.36163054 0.32648326 0.19158925 0.16135591 -0.06479805 -0.26716227 -0.05798835 0.33714168 0.09439777 -0.25085663 0.20428021 0.00677094 -0.02318770 -0.14406639 0.60934249 -0.01454543 -0.00549491 0.00349654 -0.00698650 -0.01631264 0.01931324 -0.01179087
0.36163054 0.32648326 0.19158925 0.16135591 -0.06479805 -0.26716227 -0.05798835 0.33714168 0.09439777 -0.25085663 0.20428021 0.00677094 -0.02318770 -0.14406639 0.60934249 -0.01454543 -0.00549491 0.00349654 -0.00698650 -0.01631264 0.01931324 -0.01179087
0.36163054 0.32648326 0.19158925 0.16135591 -0.06479805 -0.26716227 -0.05798835 0.33714168 0.09439777 -0.25085663 0.20428021 0.00677094 -0.02318770 -0.14406639 0.60934249 -0.01454543 -0.00549491 0.00349654 -0.00698650 -0.01631264 0.01931324 -0.01179087
-0.09015470 -0.07824316 0.04950940 0.17358509 0.00000000 0.00000000 0.00000000 -0.01550476 0.00000000 0.00000000 -0.01192586 -0.40193552 -0.01210530 -0.00859968 0.12048080 0.07125516 -0.46447872 -0.63193414 -0.25241493 0.29627507 0.06389819 0.02761409
-0.00654922 -0.00725427 -0.01236185 0.01467810 0.03655045 -0.00886502 -0.04084265 0.00702493 0.02508955 0.00944124 0.01159387 -0.34978845 0.10214026 0.01643963 0.00388681 -0.16282766 -0.43101699 -0.67735436 -0.33899614 0.14518791 0.12263081 0.20086706
-0.05956371 -0.00608246 -0.37226392 0.34679330 0.00000000 0.00000000 0.00000000 0.05939638 0.00000000 0.00000000 -0.08569602 -0.26001182 0.07699186 0.16175979 0.31930727 0.29642443 -0.35953535 -0.33511162 -0.05120626 0.38926530 0.17466205 0.10464637
-0.13023942 -0.05456244 -0.04385696 0.14606107 0.00000000 0.00000000 0.00000000 -0.06009820 0.00000000 0.00000000 -0.16339131 -0.13897463 -0.14864140 -0.09610477 0.25202428 0.13365215 -0.32361842 -0.80349768 0.02629837 0.18874913 0.08756978 0.01215196
-0.03869475 -0.02748246 -0.02457343 -0.00025580 0.40193373 0.00000000 -0.32828713 -0.03279599 0.07012043 0.00000000 -0.05365026 -0.27727285 -0.06438272 0.06661115 0.10144172 0.19098601 -0.01751652 -0.72529922 0.12524924 0.04057772 0.16570905 0.12474720
-0.00654922 -0.00725427 -0.01236185 0.01467810 0.03655045 -0.00886502 -0.04084265 0.00702493 0.02508955 0.00944124 0.01159387 -0.34978845 0.10214026 0.01643963 0.00388681 -0.16282766 -0.43101699 -0.67735436 -0.33899614 0.14518791 0.12263081 0.20086706
-0.02219872 0.01701356 -0.03431275 0.00573722 0.27347137 0.00000000 -0.33196569 0.00764805 0.06739140 0.00000000 -0.06867815 -0.25077766 0.10619403 0.15819804 0.19757242 0.34050906 -0.37815120 -0.49210662 0.11701279 0.22003304 0.23240004 0.21964702
-0.00654922 -0.00725427 -0.01236185 0.01467810 0.03655045 -0.00886502 -0.04084265 0.00702493 0.02508955 0.00944124 0.01159387 -0.34978845 0.10214026 0.01643963 0.00388681 -0.16282766 -0.43101699 -0.67735436 -0.33899614 0.14518791 0.12263081 0.20086706
0.14605427 -0.10048846 -0.02851164 -0.00197642 0.01862630 -0.08274901 -0.04910206 0.04106946 0.00300853 0.05629880 -0.02025539 -0.35926376 0.03332329 0.09984108 0.02377417 -0.15796145 -0.28231472 -0.67075158 -0.32517265 0.20463799 0.17722493 0.28031123
-0.00654922 -0.00725427 -0.01236185 0.01467810 0.03655045 -0.00886502 -0.04084265 0.00702493 0.02508955 0.00944124 0.01159387 -0.34978845 0.10214026 0.01643963 0.00388681 -0.16282766 -0.43101699 -0.67735436 -0.33899614 0.14518791 0.12263081 0.20086706
0.00000000 0.00000000 -0.03339136 0.00418247 -0.01624394 -0.08489330 -0.12851203 0.00000000 0.05449828 0.20717309 -0.17065994 -0.20710961 0.14262900 0.30989578 0.37376024 0.04444166 -0.22642362 -0.33346316 -0.22978655 0.35110659 0.31902723 0.39824600
-0.00654922 -0.00725427 -0.01236185 0.01467810 0.03655045 -0.00886502 -0.04084265 0.00702493 0.02508955 0.00944124 0.01159387 -0.34978845 0.10214026 0.01643963 0.00388681 -0.16282766 -0.43101699 -0.67735436 -0.33899614 0.14518791 0.12263081 0.20086706
0.00000000 0.00000000 -0.27649102 0.00000000 0.06887825 0.06860511 0.00171140 0.00000000 0.00092598 0.05870248 -0.01732022 -0.38609926 0.04292050 0.03927486 -0.02630825 0.05607612 -0.36238010 -0.60925212 -0.29394764 0.34501180 -0.04940944 0.20897604
-0.00654922 -0.00725427 -0.01236185 0.01467810 0.03655045 -0.00886502 -0.04084265 0.00702493 0.02508955 0.00944124 0.01159387 -0.34978845 0.10214026 0.01643963 0.00388681 -0.16282766 -0.43101699 -0.67735436 -0.33899614 0.14518791 0.12263081 0.20086706
0.00000000 0.00000000 0.00000000 0.00000000 0.07012194 -0.11493752 0.03184204 0.00000000 0.04945353 -0.00840458 -0.21621417 -0.26254019 0.06337758 -0.07097915 0.07745279 0.43489800 -0.26443743 -0.23337402 -0.47295874 0.47810563 0.17474562 0.22643896
-0.00654922 -0.00725427 -0.01236185 0.01467810 0.03655045 -0.00886502 -0.04084265 0.00702493 0.02508955 0.00944124 0.01159387 -0.34978845 0.10214026 0.01643963 0.00388681 -0.16282766 -0.43101699 -0.67735436 -0.33899614 0.14518791 0.12263081 0.20086706
